 lon 
   231.827914300818        232.071486524767        232.315507425371     
   232.559974575802        232.804885513494        233.050237740130     
   233.296028721634        233.542255888172        233.788916634155     
   234.036008318247        234.283528263384        234.531473756798     
   234.779842050041        235.028630359028        235.277835864069     
   235.527455709926        235.777487005864        236.027926825709     
   236.278772207921        236.530020155667        236.781667636898     
   237.033711584442        237.286148896094        237.538976434722     
   237.792191028371        238.045789470379        238.299768519500     
   238.554124900032        231.745076074349        231.989239055090     
   232.233854273027        232.478919291139        232.724431636238     
   232.970388798948        233.216788233699        233.463627358721     
   233.710903556051        233.958614171534        234.206756514846     
   234.455327859508        234.704325442919        234.953746466385     
   235.203588095165        235.453847458513        235.704521649732     
   235.955607726237        236.207102709620        236.459003585721     
   236.711307304715        236.964010781191        237.217110894252     
   237.470604487612        237.724488369708        237.978759313809     
   238.233414058144        238.488449306027        231.661783203792     
   231.906539342192        232.151751314478        232.397416673459     
   232.643532935338        232.890097579692        233.137108049458     
   233.384561750932        233.632456053764        233.880788290968     
   234.129555758936        234.378755717454        234.628385389731     
   234.878441962429        235.128922585702        235.379824373246     
   235.631144402343        235.882879713929        236.135027312653     
   236.387584166953        236.640547209135        236.893913335458     
   237.147679406230        237.401842245906        237.656398643198     
   237.911345351185        238.166679087443        238.422396534166     
   231.578032082651        231.823383789312        232.069194963132     
   232.315463146776        232.562185845858        232.809360528916     
   233.056984627404        233.305055535678        233.553570610999     
   233.802527173537        234.051922506379        234.301753855551     
   234.552018430038        234.802713401819        235.053835905901     
   235.305383040366        235.557351866419        235.809739408448     
   236.062542654089        236.315758554296        236.569384023421     
   236.823415939301        237.077851143347        237.332686440646     
   237.587918600073        237.843544354395        238.099560400404     
   238.355963399038        231.493819067877        231.739768763101     
   231.986181595785        232.233055098477        232.480386766219     
   232.728174056529        232.976414389380        233.225105147195     
   233.474243674839        233.723827279624        233.973853231320     
   234.224318762163        234.475221066889        234.726557302753     
   234.978324589572        235.230520009762        235.483140608392     
   235.736183393241        235.989645334857        236.243523366634     
   236.497814384883        236.752515248924        237.007622781172     
   237.263133767243        237.519044956055        237.775353059944     
   238.032054754788        238.289146680133        231.409140479423     
   231.655690593182        231.902707552180        232.150188878873     
   232.398132057756        232.646534535340        232.895393720132     
   233.144706982623        233.394471655279        233.644685032548     
   233.895344370860        234.146446888648        234.397989766362     
   234.649970146501        234.902385133646        235.155231794501     
   235.408507157943        235.662208215073        235.916331919286     
   236.170875186333        236.425834894402        236.681207884204     
   236.936990959060        237.193180885002        237.449774390882     
   237.706768168482        237.964158872637        238.221943121366     
   231.323992599799        231.571145571704        231.818769134555     
   232.066860800748        232.315418044258        232.564438300608     
   232.813918966850        233.063857401547        233.314250924771     
   233.565096818093        233.816392324595        234.068134648880     
   234.320320957089        234.572948376929        234.826013997705     
   235.079514870359        235.333448007519        235.587810383550     
   235.842598934620        236.097810558762        236.353442115958     
   236.609490428216        236.865952279663        237.122824416645     
   237.380103547831        237.637786344328        237.895869439800     
   238.154349430599        231.238371673625        231.486129952882     
   231.734362607182        231.983067138897        232.232241011507     
   232.481881649569        232.731986438695        232.982552725530     
   233.233577817749        233.485058984045        233.736993454138     
   233.989378418782        234.242211029785        234.495488400028     
   234.749207603499        235.003365675334        235.257959611856     
   235.512986370633        235.768442870537        236.024325991810     
   236.280632576139        236.537359426741        236.794503308452     
   237.052060947824        237.310029033230        237.568404214979     
   237.827183105438        238.086362279156        231.152273907168     
   231.400639952542        231.649484195912        231.898804129663     
   232.148597206812        232.398860840973        232.649592406334     
   232.900789237634        233.152448630154        233.404567839705     
   233.657144082637        233.910174535839        234.163656336758     
   234.417586583421        234.671962334462        234.926780609161     
   235.182038387488        235.437732610152        235.693860178660     
   235.950417955388        236.207402763649        236.464811387777     
   236.722640573217        236.980887026623        237.239547415960     
   237.498618370619        237.758096481537        238.017978301326     
   231.065695467880        231.314671747649        231.564130087699     
   231.814067970465        232.064482838533        232.315372094603     
   232.566733101456        232.818563181941        233.070859618948     
   233.323619655409        233.576840494293        233.830519298609     
   234.084653191423        234.339239255877        234.594274535215     
   234.849756032818        235.105680712250        235.362045497302     
   235.618847272054        235.876082880938        236.133749128810     
   236.391842781034        236.650360563569        236.909299163063     
   237.168655226960        237.428425363612        237.688606142400     
   237.949194093860        230.978632483930        231.228221475842     
   231.478296430128        231.728854819317        231.979894075601     
   232.231411590791        232.483404716290        232.735870763064     
   232.988807001627        233.242210662031        233.496078933858     
   233.750408966225        234.005197867798        234.260442706805     
   234.516140511064        234.772288268019        235.028882924773     
   235.285921388145        235.543400524720        235.801317160915     
   236.059668083051        236.318450037430        236.577659730427     
   236.837293828583        237.097348958709        237.357821707996     
   237.618708624140        237.880006215464        230.891081043722     
   231.141285234944        231.391979330929        231.643160794346     
   231.894827047027        232.146975469932        232.399603403105     
   232.652708145653        232.906286955722        233.160337050487     
   233.414855606140        233.669839757897        233.925286600004     
   234.181193185750        234.437556527496        234.694373596704     
   234.951641323973        235.209356599091        235.467516271084     
   235.726117148283        235.985155998392        236.244629548568     
   236.504534485505        236.764867455531        237.025625064713     
   237.286803878962        237.548400424160        237.810411186282     
   230.803037195419        231.053859082487        231.305174857493     
   231.556981973296        231.809277841412        232.062059831981     
   232.315325273718        232.569071453891        232.823295618292     
   233.077994971223        233.333166675490        233.588807852394     
   233.844915581747        234.101486901878        234.358518809657     
   234.616008260525        234.873952168531        235.132347406377     
   235.391190805470        235.650479155982        235.910209206924     
   236.170377666217        236.430981200782        236.692016436632     
   236.953479958976        237.215368312328        237.477678000627     
   237.740405487363        230.714496946448        230.965939035209     
   231.217879036372        231.470314393034        231.723242506442     
   231.976660735952        232.230566398983        232.484956770986     
   232.739829085414        232.995180533708        233.251008265285     
   233.507309387530        233.764080965804        234.021320023452     
   234.279023541828        234.537188460316        234.795811676367     
   235.054890045545        235.314420381575        235.574399456405     
   235.834824000271        236.095690701775        236.356996207972     
   236.618737124456        236.880910015469        237.143511404007     
   237.406537771937        237.669985560131        230.625456263009     
   230.877521068564        231.130087852779        231.383154049042     
   231.636717048380        231.890774199408        232.145322808278     
   232.400360138652        232.655883411664        232.911889805906     
   233.168376457408        233.425340459634        233.682778863485     
   233.940688677305        234.199066866900        234.457910355562     
   234.717216024103        234.976980710897        235.237201211929     
   235.497874280852        235.758996629053        236.020564925733     
   236.282575797981        236.545025830877        236.807911567583     
   237.071229509458        237.334976116174        237.599147805843     
   230.535911069566        230.788601116210        231.041797250075     
   231.295496894905        231.549697431554        231.804396197938     
   232.059590488983        232.315277556588        232.571454609592     
   232.828118813749        233.085267291711        233.342897123021     
   233.601005344108        233.859588948297        234.118644885824     
   234.378170063855        234.638161346521        234.898615554957     
   235.159529467348        235.420899818987        235.682723302340     
   235.944996567117        236.207716220358        236.470878826521     
   236.734480907581        236.998518943142        237.262989370553     
   237.527888585032        230.445857248343        230.699175069496     
   230.953003129260        231.207338841791        231.462179577828     
   231.717522664635        231.973365385950        232.229704981945     
   232.486538649184        232.743863540601        233.001676765482     
   233.259975389446        233.518756434447        233.778016878775     
   234.037753657071        234.297963660346        234.558643736011     
   234.819790687912        235.081401276380        235.343472218284     
   235.606000187090        235.868981812942        236.132413682733     
   236.396292340204        236.660614286034        236.925375977955     
   237.190573830864        237.456204216952        230.355290638805     
   230.609238776946        230.863701348441        231.118675757924     
   231.374159366077        231.630149489561        231.886643400972     
   232.143638328785        232.401131457320        232.659119926714     
   232.917600832892        233.176571227557        233.436028118182     
   233.695968468012        233.956389196071        234.217287177187     
   234.478659242010        234.740502177056        235.002812724745     
   235.265587583455        235.528823407587        235.792516807633     
   236.056664350253        236.321262558368        236.586307911257     
   236.851796844661        237.117725750900        237.384090979002     
   230.264207037133        230.518788043729        230.773887722307     
   231.029503468053        231.285632631648        231.542272519210     
   231.799420392232        232.057073467537        232.315228917230     
   232.573883868671        232.833035404442        233.092680562336     
   233.352816335344        233.613439671652        233.874547474654     
   234.136136602963        234.398203870439        234.660746046217     
   234.923759854757        235.187241975886        235.451189044867     
   235.715597652459        235.980464345003        236.245785624504     
   236.511557948729        236.777777731314        237.044441341880     
   237.311545106154        230.172602195698        230.427818631123     
   230.683558021590        230.939817752904        231.196595165815     
   231.453887555951        231.711692173758        231.970006224442     
   232.228826867931        232.488151218832        232.747976346403     
   233.008299274535        233.269116981738        233.530426401135     
   233.792224420470        234.054507882120        234.317273583117     
   234.580518275179        234.844238664750        235.108431413050     
   235.373093136130        235.638220404944        235.903809745423     
   236.169857638559        236.436360520504        236.703314782673     
   236.970716771859        237.238562790357        230.080471822519     
   230.336326255977        230.592707972516        230.849614348637     
   231.107042715226        231.364990357483        231.623454514858     
   231.882432380990        232.141921103662        232.401917784760     
   232.662419480239        232.923423200099        233.184925908374     
   233.446924523118        233.709415916413        233.972396914377     
   234.235864297184        234.499814799094        234.764245108487     
   235.029151867915        235.294531674155        235.560381078276     
   235.826696585712        236.093474656349        236.360711704617     
   236.628404099597        236.896548165131        237.165140179947     
   229.987811580719        230.244306590162        230.501333256259     
   230.758888946287        231.016970981342        231.275576636263     
   231.534703139557        231.794347673347        232.054507373312     
   232.315179328648        232.576360582031        232.838048129587     
   233.100238920878        233.362929858890        233.626117800030     
   233.889799554139        234.153971884503        234.418631507886     
   234.683775094560        234.949399268350        235.215500606694     
   235.482075640701        235.749120855224        236.016632688948     
   236.284607534479        236.553041738449        236.821931601625     
   237.091273379035        229.894617087974        230.151755260010     
   230.409429508372        230.667637191199        230.926375619873     
   231.185642058937        231.445433726022        231.705747791781     
   231.966581379837        232.227931566732        232.489795381888     
   232.752169807576        233.015051778899        233.278438183771     
   233.542325862919        233.806711609889        234.071592171055     
   234.336964245647        234.602824485783        234.869169496511     
   235.135995835862        235.403300014913        235.671078497855     
   235.939327702077        236.208043998259        236.477223710470     
   236.746863116282        237.016958446890        229.800883915950     
   230.058667845754        230.316992318226        230.575854682457     
   230.835252240195        231.095182245761        231.355641905972     
   231.616628380071        231.878138779670        232.140170168696     
   232.402719563349        232.665783932068        232.929360195505     
   233.193445226511        233.458035850126        233.723128843586     
   233.988720936329        234.254808810019        234.521389098577     
   234.788458388222        235.056013217517        235.324050077433     
   235.592565411419        235.861555615478        236.131017038260     
   236.400945981162        236.671338698436        236.942191397314     
   229.706607589740        229.965039880955        230.224017228432     
   230.483536972304        230.743596404772        231.004192770012     
   231.265323264095        231.526985034914        231.789175182122     
   232.051890757073        232.315128762781        232.578886153874     
   232.843159836574        233.107946668673        233.373243459523     
   233.639046970037        233.905353912697        234.172160951571     
   234.439464702343        234.707261732349        234.975548560629     
   235.244321657977        235.513577447018        235.783312302280     
   236.053522550284        236.324204469643        236.595354291171     
   236.866968198003        229.611783587285        229.870866851922     
   230.130499734252        230.390679565551        230.651403628559     
   230.912669157390        231.174473337440        231.436813305318     
   231.699686148772        231.963088906631        232.227018568757     
   232.491472076001        232.756446320171        233.021938144010     
   233.287944341184        233.554461656274        233.821486784787     
   234.089016373167        234.357047018823        234.625575270164     
   234.894597626642        235.164110538812        235.434110408395     
   235.704593588356        235.975556382986        236.246995048008     
   236.518905790676        236.791284769899        229.516407338790     
   229.776144197123        230.036435283014        230.297277918982     
   230.558669378405        230.820606885415        231.083087614815     
   231.346108691993        231.609667192855        231.873760143754     
   232.138384521443        232.403537253024        232.669215215918     
   232.935415237832        233.202134096748        233.469368520911     
   233.737115188837        234.005370729321        234.274131721460     
   234.543394694690        234.813156128824        235.083412454108     
   235.354160051284        235.625395251665        235.897114337219     
   236.169313540668        236.441989045589        236.715136986535     
   229.420474226139        229.680867306592        229.941819273507     
   230.203327440754        230.465389072441        230.728001382815     
   230.991161536163        231.254866646728        231.519113778633     
   231.783899945812        232.049222111954        232.315077190450     
   232.581462044356        232.848373486363        233.115808278775     
   233.383763133499        233.652234712047        233.921219625541     
   234.190714434737        234.460715650051        234.731219731605     
   235.002223089273        235.273722082742        235.545713021591     
   235.818192165368        236.091155723685        236.364599856327     
   236.638520673361     
 lat 
   1.88208799140705        1.96435922777238        2.04603545795256     
   2.12711306954145        2.20758846782465        2.28745807613157     
   2.36671833618668        2.44536570846032        2.52339667251836     
   2.60080772737179        2.67759539182467        2.75375620482178     
   2.82928672579506        2.90418353500912        2.97844323390559     
   3.05206244544652        3.12503781445650        3.19736600796345     
   3.26904371553833        3.34006764963341        3.41043454591910     
   3.48014116361928        3.54918428584527        3.61756071992821     
   3.68526729774948        3.75230087606994        3.81865833685711     
   3.88433658761063        2.12558019249754        2.20829026853383     
   2.29040246950852        2.37191315678609        2.45281870952617     
   2.53311552503828        2.61280001913647        2.69186862649283     
   2.77031780099057        2.84814401607630        2.92534376511125     
   3.00191356172186        3.07784994014921        3.15314945559766     
   3.22780868458217        3.30182422527464        3.37519269784907     
   3.44791074482551        3.51997503141247        3.59138224584837     
   3.66212909974121        3.73221232840709        3.80162869120683     
   3.87037497188140        3.93844797888549        4.00584454571930     
   4.07256153125887        4.13859582008430        2.36962365278649     
   2.45277447336065        2.53532453928734        2.61727018555082     
   2.69860776503391        2.77933364887626        2.85944422683149     
   2.93893590762427        3.01780511930625        3.09604830961125     
   3.17366194630992        3.25064251756297        3.32698653227403     
   3.40269052044093        3.47775103350641        3.55216464470729     
   3.62592794942276        3.69903756552121        3.77149013370580     
   3.84328231785884        3.91441080538445        3.98487230755003     
   4.05466355982595        4.12378132222383        4.19222237963307     
   4.25998354215568        4.32706164543941        4.39345355100902     
   2.61421604095598        2.69780951028245        2.78079933468536     
   2.86318182261739        2.94495330053390        3.02611011325395     
   3.10664862432104        3.18656521636275        3.26585629145005     
   3.34451827145557        3.42254759841117        3.49994073486442     
   3.57669416423440        3.65280439116613        3.72826794188431     
   3.80308136454552        3.87724122958954        3.95074413008925     
   4.02358668209934        4.09576552500337        4.16727732185988     
   4.23811875974651        4.30828655010286        4.37777742907174     
   4.44658815783855        4.51471552296927        4.58215633674634     
   4.64890743750283        2.85935497217113        2.94339299367392     
   3.02682446930687        3.10964568083971        3.19185292814916     
   3.27344252958332        3.35441082232514        3.43475416275547     
   3.51446892681537        3.59355151036742        3.67199832955646     
   3.74980582116919        3.82697044299296        3.90348867417339     
   3.97935701557103        4.05457199011688        4.12913014316658     
   4.20302804285339        4.27626228043991        4.34882947066848     
   4.42072625210983        4.49194928751066        4.56249526413924     
   4.63236089412977        4.70154291482481        4.77003808911607     
   4.83784320578337        4.90495507983189        3.10503800770226     
   3.18952248387590        3.27339750258433        3.35665931876277     
   3.43930420555816        3.52132845469676        3.60272837685061     
   3.68350030200394        3.76364057981833        3.84314557999744     
   3.92201169265057        4.00023532865562        4.07781292002075     
   4.15474092024540        4.23101580467984        4.30663407088373     
   4.38159223898354        4.45588685202867        4.52951447634602     
   4.60247170189358        4.67475514261214        4.74636143677580     
   4.81728724734086        4.88752926229289        4.95708419499233     
   5.02594878451833        5.09411979601059        5.16159402100961     
   3.35126265455028        3.43619548681959        3.52051593940155     
   3.60422024024508        3.68730463561597        3.76976539046760     
   3.85159878881063        3.93280113408247        4.01336874951565     
   4.09329797850559        4.17258518497754        4.25122675375229     
   4.32921909091142        4.40655862416102        4.48324180319459     
   4.55926510005470        4.63462500949350        4.70931804933183     
   4.78334076081707        4.85668970897962        4.92936148298786     
   5.00135269650161        5.07265998802407        5.14328002125202     
   5.21320948542440        5.28244509566906        5.35098359334785     
   5.41882174639963        3.59802636507536        3.68340945365441     
   3.76817722972054        3.85232589408446        3.93585166597923     
   4.01875078343414        4.10101950364779        4.18265410336041     
   4.26365087922568        4.34400614818153        4.42371624782007     
   4.50277753675691        4.58118639499902        4.65893922431201     
   4.73603244858600        4.81246251420036        4.88822589038752     
   4.96331906959497        5.03773856784647        5.11148092510146     
   5.18454270561314        5.25692049828508        5.32861091702618     
   5.39961060110390        5.46991621549603        5.53952445124035     
   5.60843202578275        5.67663568332331        3.84532653662909     
   3.93116178037918        4.01637876821182        4.10097367364733     
   4.18494268873440        4.26828202442694        4.35098791096050     
   4.43305659822776        4.51448435615349        4.59526747506852     
   4.67540226608294        4.75488506145844        4.83371221497961     
   4.91188010232408        4.98938512143167        5.06622369287241     
   5.14239226021330        5.21788729038357        5.29270527403901     
   5.36684272592443        5.44029618523498        5.51306221597575     
   5.58513740731988        5.65651837396486        5.72720175648736     
   5.79718422169603        5.86646246298253        5.93503320067076     
   4.09316051119045        4.17944980747707        4.26511789388833     
   4.35016091650192        4.43457504003021        4.51835644820035     
   4.60150134413378        4.68400595072498        4.76586651101955     
   4.84707928859162        4.92764056791998        5.00754665476380     
   5.08679387653699        5.16537858268161        5.24329714504026     
   5.32054595822710        5.39712143999787        5.47302003161843     
   5.54823819823199        5.62277242922492        5.69661923859123     
   5.76977516529499        5.84223677363198        5.91400065358886     
   5.98506342120098        6.05542171890855        6.12507221591056     
   6.19401160851703        4.34152557500529        4.42827081955436     
   4.51439188974334        4.59988490405507        4.68474599971363     
   4.76897133306771        4.85255707997345        4.93549943617630     
   5.01779461769249        5.09943886118945        5.18042842436539     
   5.26075958632801        5.34042864797225        5.41943193235677     
   5.49776578507971        5.57542657465278        5.65241069287445     
   5.72871455520180        5.80433460112076        5.87926729451526     
   5.95350912403465        6.02705660345963        6.09990627206651     
   6.17205469499001        6.24349846358390        6.31423419578036     
   6.38425853644694        6.45356815774203        4.59041895822999     
   4.67762204498281        4.76419798239210        4.85014286119321     
   4.93545279096982        5.02012390054045        5.10415233834455     
   5.18753427282765        5.27026589282607        5.35234340795053     
   5.43376304896910        5.51452106818903        5.59461373983768     
   5.67403736044253        5.75278824920973        5.83086274840174     
   5.90825722371363        5.98496806464802        6.06099168488875     
   6.13632452267302        6.21096304116205        6.28490372881012     
   6.35814309973222        6.43067769406962        6.50250407835406     
   6.57361884586985        6.64401861701423        6.71370003965576     
   4.83983783457877        4.92750065554661        5.01453334171769     
   5.10093195592731        5.18669257996646        5.27181131497159     
   5.35628428181397        5.44010762148822        5.52327749550003     
   5.60579008625335        5.68764159743631        5.76882825440651     
   5.84934630457522        5.92919201779041        6.00836168671880     
   6.08685162722659        6.16465817875903        6.24177770471860     
   6.31820659284193        6.39394125557500        6.46897813044716     
   6.54331368044339        6.61694439437484        6.68986678724798     
   6.76207740063154        6.83357280302214        6.90434959020745     
   6.97440438562801        5.08977932097542        5.17790376609297     
   5.26539508052100        5.35224929904206        5.43846247550202     
   5.52403068320334        5.60895001529745        5.69321658517684     
   5.77682652686589        5.85977599541134        5.94206116727167     
   6.02367824070548        6.10462343615903        6.18489299665258     
   6.26448318816566        6.34339030002101        6.42161064526763     
   6.49914056106191        6.57597640904787        6.65211457573575     
   6.72755147287913        6.80228353785029        6.87630723401423     
   6.94961905110071        7.02221550557468        7.09409314100465     
   7.16524852842949        7.23567826672304        5.34024047720915     
   5.42882843418728        5.51678025417509        5.60409194374944     
   5.69075952865870        5.77677905421919        5.86214658571085     
   5.94685820877258        6.03091002979664        6.11429817632217     
   6.19701879742793        6.27906806412409        6.36044216974294     
   6.44113733032856        6.52114978502544        6.60047579646560     
   6.67911165115493        6.75705365985765        6.83429815797983     
   6.91084150595115        6.98668008960517        7.06181032055821     
   7.13622863658634        7.20993150200069        7.28291540802111     
   7.35517687314783        7.42671244353122        7.49751869333960     
   5.59121830559494        5.68027165977270        5.76868586028387     
   5.85645688534680        5.94358073245976        6.03005341880062     
   6.11587098162605        6.20102947867004        6.28552498854158     
   6.36935361112168        6.45251146795934        6.53499470266661     
   6.61679948131268        6.69792199281700        6.77835844934081     
   6.85810508667808        6.93715816464467        7.01551396746645     
   7.09316880416577        7.17011900894676        7.24636094157880     
   7.32189098777856        7.39670555959030        7.47080109576437     
   7.54417406213419        7.61682095199103        7.68873828645695     
   7.75992261485597        5.84270975063833        5.93223038483421     
   6.02110883834564        6.10934106087953        6.19692302153138     
   6.28385070918834        6.37012013293183        6.45572732243936     
   6.54066832838561        6.62493922284274        6.70853609967975     
   6.79145507496089        6.87369228734302        6.95524389847209     
   7.03610609337808        7.11627508086913        7.19574709392418     
   7.27451839008424        7.35258525184223        7.42994398703156     
   7.50659092921292        7.58252243805954        7.65773489974079     
   7.73222472730399        7.80598836105446        7.87902226893372     
   7.95132294689560        8.02288691928051        6.09471169870498     
   6.18470149306734        6.27404606942108        6.36274134880853     
   6.45078327176964        6.53816779874850        6.62489091049922     
   6.71094860849122        6.79633691531365        6.88105187507905     
   6.96508955382605        7.04844603992119        7.13111744445970     
   7.21309990166517        7.29438956928804        7.37498262900287     
   7.45487528680438        7.53406377340220        7.61254434461391     
   7.69031328175684        7.76736689203834        7.84370150894429     
   7.91931349262589        7.99419923028485        8.06835513655675     
   8.14177765389229        8.21446325293681        8.28640843290782     
   6.34722097769473        6.43768180955186        6.52749437580620     
   6.61665456868239        6.70515830001204        6.79300150164367     
   6.88018012585205        6.96669014574672        7.05252755568000     
   7.13768837165388        7.22216863172623        7.30596439641594     
   7.38907174910707        7.47148679645186        7.55320566877273     
   7.63422452046279        7.71453953038532        7.79414690227176     
   7.87304286511819        7.95122367358049        8.02868560836784     
   8.10542497663454        8.18143811237027        8.25672137678849     
   8.33127115871292        8.40508387496234        8.47815597073325     
   8.55048391998058        6.60023435672109        6.69116810043030     
   6.78145052071035        6.87107748081490        6.96004486371439     
   7.04834857250923        7.13598453084261        7.22294868331247     
   7.30923699588287        7.39484545629426        7.47977007447322     
   7.56400688294087        7.64755193722048        7.73040131624396     
   7.81255112275703        7.89399748372337        7.97473655072734     
   8.05476450037531        8.13407753469563        8.21267188153705     
   8.29054379496564        8.36768955565988        8.44410547130430     
   8.51978787698110        8.59473313556019        8.66893763808693     
   8.74239780416841        8.81511008235718        6.85374854579513     
   6.94515707259158        7.03591120793915        7.12600678596741     
   7.21543966063263        7.30420570613455        7.39230081733255     
   7.47972091016105        7.56646192204437        7.65251981231042     
   7.73789056260372        7.82257017729755        7.90655468390464     
   7.98984013348735        8.07242260106607        8.15429818602682     
   8.23546301252749        8.31591322990238        8.39564501306569     
   8.47465456291330        8.55293810672296        8.63049189855293     
   8.70731221963872        8.78339537878840        8.85873771277556     
   8.93333558673071        9.00718539453067        9.08028355918565     
   7.10776019551517        7.19964537335976        7.29087308158287     
   7.38143912503661        7.47133932851017        7.56056953714990     
   7.64912561687910        7.73700345481677        7.82419895969585     
   7.91070806228058        7.99652671578281        8.08165089627754     
   8.16607660311729        8.24979985934546        8.33281671210830     
   8.41512323306603        8.49671551880218        8.57758969123192     
   8.65774189800878        8.73716831292978        8.81586513633917     
   8.89382859553022        8.97105494514571        9.04754046757608     
   9.12328147335627        9.19827430156013        9.27251532019322     
   9.34600092658330        7.36226589676136        7.45462959018846     
   7.54633272571014        7.63737107874782        7.72774044477053     
   7.81743663971868        7.90645550042697        7.99479288504702     
   8.08244467346887        8.16940676774176        8.25567509249409     
   8.34124559535226        8.42611424735863        8.51027704338821     
   8.59373000256434        8.67646916867282        8.75849061057521     
   8.83979042262018        8.92036472505386        9.00020966442843     
   9.07932141400910        9.15769617417953        9.23533017284548     
   9.31221966583655        9.38836093730625        9.46375030012987     
   9.53838409630058        9.61225869732323        7.61726218039577     
   7.71010625036021        7.80228666406700        7.89379916735355     
   7.98463952621573        8.07480352723512        8.16428697800568     
   8.25308570755945        8.34119556679185        8.42861242888594     
   8.51533218973573        8.60135076836862        8.68666410736679     
   8.77126817328744        8.85515895708176        8.93833247451290     
   9.02078476657231        9.10251189989482        9.18350996717241     
   9.26377508756616        9.34330340711668        9.42209109915306     
   9.50013436469980        9.57742943288213        9.65397256132924     
   9.72976003657578        9.80478817446114        9.87905332052672     
   7.87274551696824        7.96607182069192        8.05873135978183     
   8.15071985033802        8.24203302873009        8.33266665202819     
   8.42261649843290        8.51187836770472        8.60044808159276     
   8.68832148426243        8.77549444272248        8.86196284725078     
   8.94772261181927        9.03276967451770        9.11709999797610     
   9.20070956978626        9.28359440292149        9.36575053615535     
   9.44717403447862        9.52786098951493        9.60780751993471     
   9.68700977186727        9.76546391931153        9.84316616454451     
   9.92011273852820        9.99629990131420        10.0717239424467     
   10.1463811813628        8.12871231642769        8.22252270724582     
   8.31566321507593        8.40812952612731        8.49991734699036     
   8.59102240507087        8.68144044902368        8.77116724918557     
   8.86019859800754        8.94853031048606        9.03615822459356     
   9.12307820170783        9.20928612704039        9.29477791006383     
   9.37954948493793        9.46359681093429        9.54691587286004     
   9.62950268147968        9.71135327393584        9.79246371416828     
   9.87283009333123        9.95244853020914        10.0313151716308     
   10.1094261928810        10.1867777981114        10.2633662207482     
   10.3391877238984        10.4142386007543        8.38515892783934     
   8.47945525504625        8.57307857097993        8.66602453180559     
   8.75828881418127        8.84986711569570        8.94075515530548     
   9.03094867377153        9.12044343409495        9.20923522195179     
   9.29731984612712        9.38469313894795        9.47135095671524     
   9.55728918013472        9.64250371474647        9.72699049135325     
   9.81074546644761        9.89376462263738        9.97604396906982     
   10.0575795418542        10.1383674044825        10.2184036482491     
   10.2976843926677        10.3762057858873        10.4539640051053     
   10.5309552569801        10.6071757780400        10.6826218350906     
   8.64208163910787        8.73686574780258        8.83097370705639     
   8.92440114283720        9.01714370171764        9.10919705131657     
   9.20055688073984        9.29121890102037        9.38117884555749     
   9.47043247055537        9.55897555546061        9.64680390339880     
   9.73391334161003        9.82029972188327        9.90595892098962     
   9.99088684111410        10.0750794102863        10.1585325828096     
   10.2412423396884        10.3232046890549        10.4044156665929     
   10.4848713359608        10.5645677892127        10.6435011472172     
   10.7216675600746        10.7990632075321        10.8756842993972     
   10.9515270759480     
