0 -156.11300000 1.93472000
1 -152.77100000 4.93286000
2 -149.24000000 7.72569000
3 -145.51400000 10.29090000
4 -141.59400000 12.60500000
5 -137.48300000 14.64450000
6 -133.19300000 16.38580000
7 -128.74200000 17.80710000
8 -124.15600000 18.88870000
9 -119.46700000 19.61470000
10 -114.71600000 19.97390000
11 -109.94400000 19.96060000
12 -105.19500000 19.57490000
13 -100.51300000 18.82310000
14 -95.93520000 17.71660000
15 -91.49500000 16.27180000
16 -87.21730000 14.50840000
17 -83.11990000 12.44860000
18 -79.21340000 10.11570000
19 -75.50180000 7.53348000
20 -71.98400000 4.72526000
21 -68.65500000 1.71327000
22 -158.42500000 4.35350000
23 -154.95000000 7.48000000
24 -151.27200000 10.39990000
25 -147.38300000 13.08880000
26 -143.28000000 15.52110000
27 -138.96400000 17.67020000
28 -134.44600000 19.50970000
29 -129.74300000 21.01440000
30 -124.88500000 22.16170000
31 -119.90800000 22.93290000
32 -114.85600000 23.31470000
33 -109.78100000 23.30060000
34 -104.73400000 22.89060000
35 -99.76380000 22.09200000
36 -94.91540000 20.91850000
37 -90.22530000 19.38910000
38 -85.72080000 17.52660000
39 -81.42000000 15.35640000
40 -77.33200000 12.90490000
41 -73.45860000 10.19870000
42 -69.79550000 7.26326000
43 -66.33410000 4.12288000
44 -160.75200000 6.76518000
45 -157.15400000 10.01630000
46 -153.33900000 13.06100000
47 -149.29500000 15.87300000
48 -145.01400000 18.42400000
49 -140.49600000 20.68450000
50 -135.74700000 22.62460000
51 -130.78800000 24.21560000
52 -125.64800000 25.43120000
53 -120.37000000 26.24970000
54 -115.00400000 26.65540000
55 -109.61100000 26.64030000
56 -104.25000000 26.20480000
57 -98.97940000 25.35740000
58 -93.85120000 24.11410000
59 -88.90610000 22.49730000
60 -84.17380000 20.53330000
61 -79.67200000 18.25100000
62 -75.40820000 15.68040000
63 -71.38090000 12.85100000
64 -67.58220000 9.79065000
65 -63.99910000 6.52570000
66 -163.10200000 9.16569000
67 -159.39300000 12.53790000
68 -155.45100000 15.70540000
69 -151.26100000 18.63990000
70 -146.80800000 21.31060000
71 -142.08900000 23.68460000
72 -137.11000000 25.72850000
73 -131.88700000 27.40930000
74 -126.45400000 28.69660000
75 -120.85900000 29.56500000
76 -115.16100000 29.99590000
77 -109.43000000 29.97990000
78 -103.73700000 29.51730000
79 -98.15150000 28.61830000
80 -92.73240000 27.30200000
81 -87.52640000 25.59420000
82 -82.56480000 23.52560000
83 -77.86500000 21.12930000
84 -73.43150000 18.43870000
85 -69.25910000 15.48650000
86 -65.33500000 12.30350000
87 -61.64170000 8.91768000
88 -165.48400000 11.55080000
89 -161.67600000 15.04060000
90 -157.61900000 18.32900000
91 -153.29100000 21.38580000
92 -148.67400000 24.17740000
93 -143.75800000 26.66780000
94 -138.54500000 28.81910000
95 -133.05100000 30.59390000
96 -127.31300000 31.95700000
97 -121.38200000 32.87830000
98 -115.32900000 33.33620000
99 -109.23600000 33.31920000
100 -103.19000000 32.82770000
101 -97.27040000 31.87390000
102 -91.54760000 30.48040000
103 -86.07340000 28.67750000
104 -80.88110000 26.50070000
105 -75.98660000 23.98760000
106 -71.39050000 21.17580000
107 -67.08260000 18.10140000
108 -63.04450000 14.79760000
109 -59.25320000 11.29460000
110 -167.90600000 13.91620000
111 -164.01200000 17.51990000
112 -159.85300000 20.92730000
113 -155.39900000 24.10630000
114 -150.62500000 27.02050000
115 -145.51600000 29.63030000
116 -140.06700000 31.89360000
117 -134.29500000 33.76740000
118 -128.23400000 35.21110000
119 -121.94500000 36.18940000
120 -115.51000000 36.67630000
121 -109.02700000 36.65820000
122 -102.60000000 36.13550000
123 -96.32480000 35.12300000
124 -90.28280000 33.64740000
125 -84.53240000 31.74440000
126 -79.10820000 29.45490000
127 -74.02320000 26.82190000
128 -69.27290000 23.88750000
129 -64.84050000 20.69110000
130 -60.70100000 17.26870000
131 -56.82500000 13.65210000
132 -170.37900000 16.25720000
133 -166.41400000 19.97110000
134 -162.16500000 23.49560000
135 -157.59700000 26.79660000
136 -152.67700000 29.83530000
137 -147.38000000 32.56840000
138 -141.69500000 34.94870000
139 -135.63400000 36.92750000
140 -129.23200000 38.45760000
141 -122.55800000 39.49750000
142 -115.70800000 40.01600000
143 -108.80000000 39.99670000
144 -101.95800000 39.44020000
145 -95.30060000 38.36420000
146 -88.92150000 36.80050000
147 -82.88610000 34.79140000
148 -77.22930000 32.38430000
149 -71.95960000 29.62790000
150 -67.06510000 26.56900000
151 -62.52100000 23.25080000
152 -58.29410000 19.71180000
153 -54.34800000 15.98550000
154 -172.91000000 18.56890000
155 -168.89000000 22.38900000
156 -164.56900000 26.02840000
157 -159.90200000 29.45130000
158 -154.84700000 32.61660000
159 -149.36900000 35.47700000
160 -143.44800000 37.98030000
161 -137.08800000 40.07130000
162 -130.32400000 41.69490000
163 -123.23200000 42.80210000
164 -115.92600000 43.35540000
165 -108.54800000 43.33480000
166 -101.25300000 42.74110000
167 -94.18050000 41.59560000
168 -87.44350000 39.93680000
169 -81.11390000 37.81450000
170 -75.22510000 35.28390000
171 -69.77830000 32.40000000
172 -64.75220000 29.21490000
173 -60.11130000 25.77510000
174 -55.81310000 22.12180000
175 -51.81290000 18.28990000
176 -175.51100000 20.84580000
177 -171.45400000 24.76790000
178 -167.07800000 28.51970000
179 -162.33000000 32.06430000
180 -157.15500000 35.35820000
181 -151.50700000 38.35060000
182 -145.35200000 40.98380000
183 -138.68300000 43.19510000
184 -131.53200000 44.92080000
185 -123.98300000 46.10230000
186 -116.16900000 46.69430000
187 -108.26800000 46.67230000
188 -100.46700000 46.03710000
189 -92.94240000 44.81490000
190 -85.82400000 43.05250000
191 -79.19100000 40.80890000
192 -73.07280000 38.14800000
193 -67.45980000 35.13220000
194 -62.31750000 31.81880000
195 -57.59760000 28.25810000
196 -53.24640000 24.49300000
197 -49.20990000 20.56000000
198 -178.19100000 23.08230000
199 -174.11700000 27.10150000
200 -169.70700000 30.96260000
201 -164.89900000 34.62820000
202 -159.62500000 38.05280000
203 -153.82100000 41.18210000
204 -147.43700000 43.95290000
205 -140.45000000 46.29440000
206 -132.88400000 48.13240000
207 -124.82900000 49.39700000
208 -116.44500000 50.03270000
209 -107.95000000 50.00900000
210 -99.58280000 49.32700000
211 -91.55810000 48.01940000
212 -84.03160000 46.14290000
213 -77.08740000 43.76830000
214 -70.74580000 40.96970000
215 -64.98170000 37.81720000
216 -59.74290000 34.37380000
217 -54.96520000 30.69280000
218 -50.58200000 26.81920000
219 -46.52910000 22.79010000
220 179.03900000 25.27210000
221 -176.89100000 29.38270000
222 -172.47300000 33.34960000
223 -167.63000000 37.13490000
224 -162.28100000 40.69180000
225 -156.34200000 43.96320000
226 -149.73900000 46.88010000
227 -142.42700000 49.36320000
228 -134.41500000 51.32610000
229 -125.79600000 52.68460000
230 -116.76200000 53.37030000
231 -107.58500000 53.34470000
232 -98.57140000 52.60920000
233 -89.99070000 51.20490000
234 -82.02700000 49.20200000
235 -74.76620000 46.68520000
236 -68.21280000 43.74040000
237 -62.31850000 40.44650000
238 -57.00810000 36.87150000
239 -52.19820000 33.07180000
240 -47.80720000 29.09350000
241 -43.76020000 24.97380000
242 176.16900000 27.40830000
243 -179.79200000 31.60390000
244 -175.39300000 35.67190000
245 -170.54600000 39.57460000
246 -165.15300000 43.26500000
247 -159.10700000 46.68340000
248 -152.30500000 49.75590000
249 -144.66600000 52.39380000
250 -136.17500000 54.49670000
251 -126.92100000 55.96310000
252 -117.13200000 56.70690000
253 -107.15800000 56.67900000
254 -97.39630000 55.88140000
255 -88.19120000 54.36650000
256 -79.75970000 52.22190000
257 -72.18250000 49.54980000
258 -65.43680000 46.44970000
259 -59.44120000 43.00960000
260 -54.09100000 39.30230000
261 -49.27950000 35.38630000
262 -44.90870000 31.30810000
263 -40.89230000 27.10460000
264 173.18700000 29.48350000
265 177.16800000 33.75650000
266 -178.48400000 37.91950000
267 -173.67100000 41.93630000
268 -168.27500000 45.76000000
269 -162.16200000 49.33000000
270 -155.19000000 52.56800000
271 -147.23300000 55.37590000
272 -138.23000000 57.63760000
273 -128.25500000 59.22940000
274 -117.57500000 60.04220000
275 -106.64800000 60.01170000
276 -96.00500000 59.14040000
277 -86.09280000 57.49680000
278 -77.16420000 55.19200000
279 -69.28050000 52.34970000
280 -62.37420000 49.08500000
281 -56.31720000 45.49450000
282 -50.96730000 41.65510000
283 -46.19120000 37.62650000
284 -41.87280000 33.45450000
285 -37.91480000 29.17490000
286 170.08300000 31.48940000
287 173.97500000 35.83070000
288 178.23300000 40.08120000
289 -177.03200000 44.20670000
290 -171.68400000 48.16220000
291 -165.55800000 51.88710000
292 -158.46500000 55.30040000
293 -150.21400000 58.29550000
294 -140.67200000 60.73880000
295 -129.87000000 62.47910000
296 -118.11800000 63.37570000
297 -106.02300000 63.34190000
298 -94.32160000 62.38130000
299 -83.60330000 60.58580000
300 -74.15510000 58.09820000
301 -65.99200000 55.06900000
302 -58.97440000 51.63020000
303 -52.91040000 47.88650000
304 -47.61160000 43.91710000
305 -42.91470000 39.78130000
306 -38.68570000 35.52320000
307 -34.81680000 31.17660000
308 166.84600000 33.41720000
309 170.61300000 37.81590000
310 174.74000000 42.14430000
311 179.34500000 46.37090000
312 -175.41900000 50.45380000
313 -169.35500000 54.33480000
314 -162.21500000 57.93240000
315 -153.72200000 61.13350000
316 -143.63100000 63.78630000
317 -131.87800000 65.70570000
318 -118.80300000 66.70660000
319 -105.23500000 66.66870000
320 -92.23140000 65.59710000
321 -80.59230000 63.61880000
322 -70.62030000 60.92100000
323 -62.23340000 57.68700000
324 -55.17970000 54.06580000
325 -49.18180000 50.16810000
326 -43.99710000 46.07320000
327 -39.43140000 41.83800000
328 -35.33360000 37.50380000
329 -31.58760000 33.10100000
330 163.46400000 35.25720000
331 167.07100000 39.70050000
332 171.01900000 44.09440000
333 175.43100000 48.41140000
334 -179.52400000 52.61390000
335 -173.61800000 56.64850000
336 -166.54300000 60.43680000
337 -157.90900000 63.86290000
338 -147.29700000 66.75860000
339 -134.45600000 68.89840000
340 -119.70200000 70.03350000
341 -104.20100000 69.99030000
342 -89.55440000 68.77600000
343 -76.87190000 66.57390000
344 -66.41310000 63.63340000
345 -57.90510000 60.17650000
346 -50.92600000 56.36740000
347 -45.09060000 52.31860000
348 -40.09760000 48.10630000
349 -35.72330000 43.78270000
350 -31.80370000 39.38450000
351 -28.21710000 34.93850000
352 159.93000000 36.99880000
353 163.33700000 41.47160000
354 167.05300000 45.91570000
355 171.20300000 50.30840000
356 175.96300000 54.61790000
357 -178.41600000 58.79800000
358 -171.56800000 62.77790000
359 -162.97000000 66.44570000
360 -151.95000000 69.62270000
361 -137.89700000 72.03900000
362 -120.94300000 73.35430000
363 -102.77600000 73.30370000
364 -85.99370000 71.89880000
365 -72.16760000 69.41730000
366 -61.34440000 66.19740000
367 -52.89240000 62.50240000
368 -46.14660000 58.50500000
369 -40.59760000 54.31370000
370 -35.88860000 49.99690000
371 -31.77440000 45.59970000
372 -28.08420000 41.15280000
373 -24.69650000 36.67870000
374 156.23600000 38.63090000
375 159.40000000 43.11520000
376 162.82800000 47.59070000
377 166.63900000 52.03960000
378 171.00400000 56.43710000
379 176.18300000 60.74660000
380 -177.41700000 64.90990000
381 -169.14600000 68.82810000
382 -158.00200000 72.32600000
383 -142.71600000 75.09460000
384 -122.78100000 76.66410000
385 -100.67200000 76.60260000
386 -81.03270000 74.93030000
387 -66.07930000 72.09570000
388 -55.18240000 68.55950000
389 -47.07370000 64.61910000
390 -40.77870000 60.44280000
391 -35.66910000 56.12540000
392 -31.35090000 51.72320000
393 -27.57220000 47.27170000
394 -24.16620000 42.79500000
395 -21.01800000 38.31060000
396 152.37700000 40.14150000
397 155.25600000 44.61670000
398 158.33900000 49.10080000
399 161.72900000 53.58080000
400 165.57900000 58.03950000
401 170.13200000 62.45130000
402 175.79500000 66.77460000
403 -176.70900000 70.93450000
404 -166.04200000 74.78220000
405 -149.87200000 77.99990000
406 -125.79900000 79.95210000
407 -97.23190000 79.87310000
408 -73.72690000 77.80230000
409 -58.04730000 74.52300000
410 -47.67140000 70.64530000
411 -40.34050000 66.47000000
412 -34.77580000 62.13850000
413 -30.28410000 57.72220000
414 -26.47360000 53.26130000
415 -23.10990000 48.78040000
416 -20.04410000 44.29660000
417 -17.17670000 39.82250000
418 148.34900000 41.51840000
419 150.90300000 45.96060000
420 153.58600000 50.42630000
421 156.47400000 54.90650000
422 159.68700000 59.39070000
423 163.41500000 63.86400000
424 168.00200000 68.30280000
425 174.11200000 72.66390000
426 -176.80100000 76.85200000
427 -161.20500000 80.61440000
428 -131.67400000 83.18690000
429 -90.61090000 83.07450000
430 -62.32670000 80.37100000
431 -47.39520000 76.56240000
432 -38.60110000 72.35650000
433 -32.63470000 67.98770000
434 -28.12600000 63.54520000
435 -24.44290000 59.07060000
436 -21.25890000 54.58620000
437 -18.38840000 50.10670000
438 -15.71730000 45.64250000
439 -13.17040000 41.20220000
440 144.15700000 42.74890000
441 146.34900000 47.13150000
442 148.58100000 51.54750000
443 150.89600000 55.99100000
444 153.36000000 60.45580000
445 156.08000000 64.93500000
446 159.25300000 69.41940000
447 163.28500000 73.89430000
448 169.18200000 78.32800000
449 -179.75700000 82.62200000
450 -147.43000000 86.22860000
451 -73.55750000 86.03600000
452 -44.10370000 82.32530000
453 -33.65490000 78.01400000
454 -27.95290000 73.57540000
455 -24.00480000 69.09920000
456 -20.87390000 64.61480000
457 -18.17680000 60.13630000
458 -15.72640000 55.67280000
459 -13.41920000 51.23110000
460 -11.19150000 46.81730000
461 -9.00078000 42.43730000
462 139.80600000 43.82060000
463 141.60700000 48.11420000
464 143.34900000 52.44580000
465 145.03600000 56.81030000
466 146.67000000 61.20290000
467 148.24900000 65.61910000
468 149.76500000 70.05480000
469 151.19000000 74.50610000
470 152.44700000 78.96910000
471 153.23400000 83.43970000
472 150.60500000 87.90850000
473 -16.30960000 87.59020000
474 -18.21200000 83.12020000
475 -17.36670000 78.65000000
476 -16.09220000 74.18770000
477 -14.65900000 69.73740000
478 -13.13860000 65.30290000
479 -11.55530000 60.88830000
480 -9.91741000 56.49760000
481 -8.22631000 52.13530000
482 -6.48002000 47.80620000
483 -4.67452000 43.51550000
